../../../../../.git/annex/objects/gw/36/MD5E-s275--94addb15bc248e31eb0a7e60a7d2b7a5.csv/MD5E-s275--94addb15bc248e31eb0a7e60a7d2b7a5.csv