../../../../../.git/annex/objects/qK/J4/MD5E-s15626--4c268534ccb59250def9fdfc63fe295e.csv/MD5E-s15626--4c268534ccb59250def9fdfc63fe295e.csv